Year	Month  Anamolyintemp   TotalErrvar
1880	1	-0.150216	0.015989
1880	2	-0.355554	0.01732
1880	3	-0.099065	0.014291
1880	4	 0.084517	0.015672
1880	5	-0.242055	0.014092
1880	6	-0.379139	0.014653
1880	7	-0.529209	0.014813
1880	8	-0.450185	0.014504
1880	9	-0.411194	0.014287
1880	10	-0.268624	0.015665
1880	11	-0.491696	0.014596
1880	12	-0.362376	0.014743
1881	1	-0.014747	0.016448
1881	2	-0.030257	0.01782
1881	3	-0.059735	0.014781
1881	4	-0.000145	0.016186
1881	5	-0.17172	0.014604
1881	6	-0.096571	0.015172
1881	7	-0.164791	0.015318
1881	8	-0.268421	0.014984
1881	9	-0.385346	0.014723
1881	10	-0.40776	0.016151
1881	11	-0.368138	0.015021
1881	12	-0.301431	0.015181
1882	1	-0.263983	0.016799
1882	2	-0.346597	0.018163
1882	3	-0.261965	0.015137
1882	4	-0.352866	0.016539
1882	5	-0.358269	0.014984
1882	6	-0.446409	0.015543
1882	7	-0.443634	0.015688
1882	8	-0.493581	0.015381
1882	9	-0.327213	0.015063
1882	10	-0.361921	0.0165
1882	11	-0.214749	0.015336
1882	12	-0.113418	0.015518
1883	1	-0.267837	0.016973
1883	2	-0.394336	0.018326
1883	3	-0.262733	0.015308
1883	4	-0.251558	0.016713
1883	5	-0.30281	0.01516
1883	6	-0.381376	0.015731
1883	7	-0.366265	0.015875
1883	8	-0.398851	0.015554
1883	9	-0.461562	0.015227
1883	10	-0.425399	0.016666
1883	11	-0.41758	0.015487
1883	12	-0.408989	0.015681
1884	1	-0.390346	0.017019
1884	2	-0.491358	0.018363
1884	3	-0.356029	0.015363
1884	4	-0.224149	0.016779
1884	5	-0.170127	0.015229
1884	6	-0.373882	0.015804
1884	7	-0.406454	0.015941
1884	8	-0.36228	0.01561
1884	9	-0.292036	0.015267
1884	10	-0.445124	0.016713
1884	11	-0.510472	0.015541
1884	12	-0.376671	0.015712
1885	1	-0.305198	0.017032
1885	2	-0.460276	0.018384
1885	3	-0.287933	0.01541
1885	4	-0.384373	0.016806
1885	5	-0.407691	0.015262
1885	6	-0.471095	0.015836
1885	7	-0.434183	0.015967
1885	8	-0.360079	0.015643
1885	9	-0.211487	0.015297
1885	10	0.015706	0.01674
1885	11	-0.10542	0.015558
1885	12	-0.125465	0.015728
1886	1	-0.122318	0.017055
1886	2	-0.26961	0.018422
1886	3	-0.302436	0.015443
1886	4	-0.313382	0.016846
1886	5	-0.350197	0.015296
1886	6	-0.439607	0.015871
1886	7	-0.505038	0.016012
1886	8	-0.581595	0.015688
1886	9	-0.503413	0.015316
1886	10	-0.441487	0.016763
1886	11	-0.493112	0.015579
1886	12	-0.588811	0.015738
1887	1	-0.498543	0.017083
1887	2	-0.556702	0.018457
1887	3	-0.299459	0.015473
1887	4	-0.316439	0.016879
1887	5	-0.464846	0.015332
1887	6	-0.44446	0.015904
1887	7	-0.492323	0.01604
1887	8	-0.492967	0.015718
1887	9	-0.47449	0.015359
1887	10	-0.491347	0.016788
1887	11	-0.279066	0.015601
1887	12	-0.191824	0.015762
1888	1	-0.391722	0.016503
1888	2	-0.306949	0.01669
1888	3	-0.080347	0.015564
1888	4	-0.16515	0.017648
1888	5	-0.175838	0.015438
1888	6	-0.059236	0.015862
1888	7	-0.136532	0.016524
1888	8	-0.218745	0.015649
1888	9	-0.119304	0.015456
1888	10	-0.020489	0.017296
1888	11	-0.232084	0.015719
1888	12	0.037985	0.015853
1889	1	0.042494	0.017044
1889	2	-0.095186	0.017516
1889	3	-0.021125	0.015687
1889	4	-0.177259	0.017786
1889	5	-0.159963	0.015577
1889	6	-0.288837	0.01614
1889	7	-0.256863	0.01644
1889	8	-0.367033	0.015807
1889	9	-0.435563	0.017798
1889	10	-0.380047	0.020015
1889	11	-0.550607	0.015906
1889	12	-0.483305	0.017721
1890	1	-0.464975	0.01604
1890	2	-0.537274	0.016475
1890	3	-0.32154	0.016316
1890	4	-0.382943	0.016622
1890	5	-0.404824	0.015788
1890	6	-0.675657	0.017367
1890	7	-0.697593	0.016195
1890	8	-0.777948	0.016559
1890	9	-0.792756	0.019114
1890	10	-0.743886	0.020828
1890	11	-0.607664	0.015989
1890	12	-0.426882	0.01747
1891	1	-0.457801	0.016247
1891	2	-0.682854	0.016712
1891	3	-0.429956	0.016589
1891	4	-0.249897	0.016848
1891	5	-0.251809	0.016026
1891	6	-0.254423	0.017689
1891	7	-0.274156	0.016459
1891	8	-0.319141	0.017042
1891	9	-0.277172	0.019402
1891	10	-0.276623	0.020931
1891	11	-0.316147	0.016152
1891	12	-0.326599	0.017594
1892	1	-0.213258	0.016408
1892	2	-0.229288	0.016788
1892	3	-0.249847	0.016724
1892	4	-0.295376	0.016748
1892	5	-0.589031	0.016208
1892	6	-0.763707	0.01791
1892	7	-0.631049	0.016669
1892	8	-0.656218	0.017231
1892	9	-0.743121	0.01952
1892	10	-0.821059	0.021465
1892	11	-0.85887	0.016385
1892	12	-0.67687	0.018569
1893	1	-0.45891	0.016459
1893	2	-0.577986	0.016488
1893	3	-0.640891	0.017718
1893	4	-0.652584	0.016194
1893	5	-0.697477	0.016533
1893	6	-0.637642	0.020193
1893	7	-0.599549	0.016782
1893	8	-0.598289	0.017313
1893	9	-0.65581	0.018386
1893	10	-0.655466	0.018165
1893	11	-0.59379	0.015997
1893	12	-0.669423	0.018257
1894	1	-0.766717	0.016342
1894	2	-0.829934	0.016502
1894	3	-0.638763	0.017754
1894	4	-0.583109	0.016187
1894	5	-0.595711	0.016474
1894	6	-0.693327	0.020555
1894	7	-0.606689	0.016756
1894	8	-0.77987	0.017265
1894	9	-0.632877	0.018335
1894	10	-0.482577	0.018082
1894	11	-0.707375	0.01592
1894	12	-0.550865	0.018021
1895	1	-0.270215	0.016065
1895	2	-0.199664	0.016231
1895	3	-0.401785	0.017659
1895	4	-0.391542	0.015984
1895	5	-0.358279	0.016369
1895	6	-0.59146	0.020394
1895	7	-0.427987	0.016621
1895	8	-0.390175	0.017246
1895	9	-0.435178	0.018136
1895	10	-0.391801	0.017898
1895	11	-0.413661	0.015685
1895	12	-0.346125	0.017267
1896	1	-0.364683	0.015646
1896	2	-0.283895	0.015773
1896	3	-0.253156	0.016847
1896	4	-0.239409	0.015596
1896	5	-0.336262	0.015701
1896	6	-0.374911	0.016698
1896	7	-0.272705	0.016414
1896	8	-0.190808	0.016515
1896	9	-0.074712	0.01602
1896	10	-0.114079	0.015406
1896	11	-0.032561	0.015296
1896	12	0.065726	0.016011
1897	1	-0.021061	0.015383
1897	2	-0.05721	0.015811
1897	3	-0.032819	0.016664
1897	4	-0.116058	0.015282
1897	5	-0.182465	0.015551
1897	6	-0.240006	0.017187
1897	7	-0.182787	0.016034
1897	8	-0.169627	0.016517
1897	9	-0.200087	0.016036
1897	10	-0.271626	0.015187
1897	11	-0.378263	0.014889
1897	12	-0.423216	0.015645
1898	1	-0.421455	0.014936
1898	2	-0.29779	0.015154
1898	3	-0.263977	0.017946
1898	4	-0.367717	0.015095
1898	5	-0.432952	0.015318
1898	6	-0.436775	0.016949
1898	7	-0.522146	0.015969
1898	8	-0.60312	0.015785
1898	9	-0.529749	0.015064
1898	10	-0.443546	0.014789
1898	11	-0.441105	0.014618
1898	12	-0.412846	0.015517
1899	1	-0.458225	0.01469
1899	2	-0.446618	0.015084
1899	3	-0.282352	0.017764
1899	4	-0.534152	0.014946
1899	5	-0.328272	0.014999
1899	6	-0.567983	0.015723
1899	7	-0.554178	0.016236
1899	8	-0.341079	0.015657
1899	9	-0.319236	0.01474
1899	10	-0.266329	0.014622
1899	11	-0.295892	0.014392
1899	12	-0.125848	0.015391
1900	1	-0.0068	0.014567
1900	2	-0.075403	0.014958
1900	3	-0.017832	0.018826
1900	4	-0.082084	0.014892
1900	5	-0.136248	0.015001
1900	6	-0.117075	0.015571
1900	7	-0.155276	0.016295
1900	8	-0.222362	0.015661
1900	9	-0.339637	0.0146
1900	10	-0.281419	0.014806
1900	11	-0.235773	0.014509
1900	12	-0.085736	0.015183
1901	1	-0.079043	0.014384
1901	2	-0.043759	0.014966
1901	3	-0.157004	0.016561
1901	4	-0.15755	0.014728
1901	5	-0.375348	0.014759
1901	6	-0.272104	0.015736
1901	7	-0.271055	0.015892
1901	8	-0.301297	0.015926
1901	9	-0.329584	0.014448
1901	10	-0.326564	0.016417
1901	11	-0.204834	0.0144
1901	12	-0.125686	0.015122
1902	1	-0.282804	0.017612
1902	2	-0.254758	0.022003
1902	3	-0.107327	0.014568
1902	4	-0.157461	0.015061
1902	5	-0.185282	0.015083
1902	6	-0.365035	0.015103
1902	7	-0.32258	0.016488
1902	8	-0.189096	0.015467
1902	9	-0.284018	0.015568
1902	10	-0.250833	0.017672
1902	11	-0.27048	0.017517
1902	12	-0.284489	0.016213
1903	1	-0.330804	0.017272
1903	2	-0.444953	0.021589
1903	3	-0.389006	0.014449
1903	4	-0.34097	0.015637
1903	5	-0.403546	0.015111
1903	6	-0.409064	0.014962
1903	7	-0.351655	0.01698
1903	8	-0.543054	0.01576
1903	9	-0.517579	0.016927
1903	10	-0.484233	0.019568
1903	11	-0.548772	0.018824
1903	12	-0.46645	0.017064
1904	1	-0.517767	0.017931
1904	2	-0.483228	0.022209
1904	3	-0.596144	0.014273
1904	4	-0.602221	0.015463
1904	5	-0.640099	0.015117
1904	6	-0.727377	0.014732
1904	7	-0.653831	0.016787
1904	8	-0.576439	0.015574
1904	9	-0.544581	0.01724
1904	10	-0.523632	0.018826
1904	11	-0.572492	0.020452
1904	12	-0.479745	0.018162
1905	1	-0.513852	0.018755
1905	2	-0.727423	0.019413
1905	3	-0.585326	0.014057
1905	4	-0.532076	0.014173
1905	5	-0.331962	0.014026
1905	6	-0.257277	0.014448
1905	7	-0.328896	0.015999
1905	8	-0.299662	0.015012
1905	9	-0.345412	0.017162
1905	10	-0.383493	0.016614
1905	11	-0.304751	0.020463
1905	12	-0.413519	0.020033
1906	1	-0.282888	0.019809
1906	2	-0.312571	0.019133
1906	3	-0.376717	0.013853
1906	4	-0.419087	0.014059
1906	5	-0.39386	0.013933
1906	6	-0.420785	0.014181
1906	7	-0.456282	0.016362
1906	8	-0.465781	0.016111
1906	9	-0.514007	0.018668
1906	10	-0.516556	0.015737
1906	11	-0.367082	0.020733
1906	12	-0.397339	0.021185
1907	1	-0.292825	0.018288
1907	2	-0.442621	0.019381
1907	3	-0.626531	0.014116
1907	4	-0.620173	0.014612
1907	5	-0.571425	0.013338
1907	6	-0.525036	0.013942
1907	7	-0.514916	0.016669
1907	8	-0.572275	0.014645
1907	9	-0.612483	0.015338
1907	10	-0.474113	0.014005
1907	11	-0.465489	0.014697
1907	12	-0.352006	0.015979
1908	1	-0.3943	        0.016814
1908	2	-0.471077	0.017222
1908	3	-0.562759	0.014986
1908	4	-0.56099	0.013357
1908	5	-0.566459	0.013112
1908	6	-0.656189	0.01436
1908	7	-0.762215	0.01511
1908	8	-0.733313	0.014428
1908	9	-0.597019	0.012681
1908	10	-0.628607	0.012557
1908	11	-0.592626	0.013543
1908	12	-0.552808	0.015374
1909	1	-0.433409	0.019613
1909	2	-0.462656	0.021556
1909	3	-0.363189	0.014711
1909	4	-0.636367	0.013121
1909	5	-0.494062	0.01296
1909	6	-0.689326	0.013848
1909	7	-0.761765	0.015063
1909	8	-0.740607	0.014159
1909	9	-0.725596	0.012513
1909	10	-0.708062	0.012304
1909	11	-0.575917	0.013024
1909	12	-0.603831	0.016714
1910	1	-0.528758	0.017804
1910	2	-0.654743	0.023754
1910	3	-0.75766	0.013402
1910	4	-0.691896	0.014297
1910	5	-0.584751	0.012908
1910	6	-0.631209	0.013831
1910	7	-0.707635	0.015008
1910	8	-0.654349	0.013947
1910	9	-0.62595	0.01268
1910	10	-0.640835	0.012378
1910	11	-0.565055	0.013108
1910	12	-0.600219	0.017564
1911	1	-0.45815	0.017914
1911	2	-0.631528	0.023716
1911	3	-0.596169	0.013447
1911	4	-0.609638	0.015278
1911	5	-0.626601	0.012765
1911	6	-0.583758	0.013599
1911	7	-0.641823	0.015019
1911	8	-0.672892	0.013925
1911	9	-0.583388	0.012424
1911	10	-0.523633	0.012104
1911	11	-0.53026	0.012529
1911	12	-0.540461	0.016981
1912	1	-0.414179	0.016203
1912	2	-0.306498	0.02127
1912	3	-0.381567	0.013753
1912	4	-0.382988	0.014929
1912	5	-0.349793	0.01283
1912	6	-0.415883	0.013412
1912	7	-0.45505	0.015259
1912	8	-0.503191	0.014047
1912	9	-0.596267	0.012462
1912	10	-0.432515	0.01209
1912	11	-0.508507	0.012677
1912	12	-0.55317	0.016799
1913	1	-0.528649	0.016546
1913	2	-0.510356	0.022577
1913	3	-0.714007	0.014222
1913	4	-0.649997	0.014905
1913	5	-0.683039	0.012909
1913	6	-0.75194	0.013554
1913	7	-0.646908	0.016279
1913	8	-0.591827	0.014439
1913	9	-0.582764	0.013361
1913	10	-0.427178	0.012518
1913	11	-0.455724	0.013197
1913	12	-0.450136	0.017159
1914	1	-0.201905	0.017138
1914	2	-0.42368	0.023908
1914	3	-0.348319	0.014272
1914	4	-0.510142	0.015839
1914	5	-0.388182	0.013139
1914	6	-0.49779	0.013744
1914	7	-0.514398	0.017173
1914	8	-0.428339	0.015039
1914	9	-0.406307	0.013788
1914	10	-0.338283	0.012725
1914	11	-0.157114	0.013797
1914	12	-0.224636	0.01679
1915	1	-0.097846	0.017828
1915	2	-0.174357	0.024497
1915	3	-0.192133	0.014766
1915	4	-0.293892	0.016207
1915	5	-0.182215	0.013439
1915	6	-0.146042	0.014027
1915	7	-0.118045	0.017761
1915	8	-0.104342	0.015346
1915	9	-0.184705	0.013581
1915	10	-0.180517	0.012993
1915	11	-0.191769	0.014107
1915	12	-0.235621	0.018023
1916	1	-0.449575	0.018235
1916	2	-0.348852	0.021944
1916	3	-0.242863	0.015529
1916	4	-0.278998	0.016363
1916	5	-0.355688	0.013804
1916	6	-0.532511	0.0145
1916	7	-0.580335	0.018614
1916	8	-0.600888	0.015906
1916	9	-0.627198	0.013932
1916	10	-0.620818	0.01337
1916	11	-0.718153	0.014236
1916	12	-0.602219	0.018357
1917	1	-0.626747	0.018558
1917	2	-0.523481	0.022079
1917	3	-0.635049	0.016253
1917	4	-0.654031	0.016396
1917	5	-0.792686	0.014372
1917	6	-0.721572	0.015078
1917	7	-0.624297	0.020004
1917	8	-0.608374	0.016958
1917	9	-0.666548	0.014558
1917	10	-0.68304	0.013878
1917	11	-0.621768	0.013586
1917	12	-0.483452	0.017133
1918	1	-0.475711	0.015372
1918	2	-0.485178	0.022187
1918	3	-0.435622	0.016466
1918	4	-0.577629	0.017253
1918	5	-0.489238	0.014944
1918	6	-0.513797	0.01556
1918	7	-0.415934	0.021084
1918	8	-0.413301	0.017512
1918	9	-0.379203	0.014766
1918	10	-0.335114	0.014276
1918	11	-0.244141	0.013677
1918	12	-0.306254	0.016928
1919	1	-0.125709	0.01508
1919	2	-0.10924	0.020534
1919	3	-0.097305	0.017282
1919	4	-0.334393	0.017962
1919	5	-0.401613	0.015771
1919	6	-0.559616	0.016299
1919	7	-0.554808	0.021381
1919	8	-0.510073	0.018013
1919	9	-0.478224	0.014836
1919	10	-0.458273	0.014535
1919	11	-0.373527	0.014349
1919	12	-0.513406	0.01764
1920	1	-0.434871	0.01557
1920	2	-0.446946	0.021582
1920	3	-0.488179	0.018301
1920	4	-0.538781	0.019343
1920	5	-0.59354	0.016458
1920	6	-0.532044	0.017124
1920	7	-0.512275	0.022804
1920	8	-0.586708	0.019009
1920	9	-0.547289	0.015589
1920	10	-0.432312	0.015152
1920	11	-0.449795	0.01502
1920	12	-0.379142	0.018051
1921	1	-0.303927	0.016235
1921	2	-0.459236	0.022528
1921	3	-0.43302	0.019268
1921	4	-0.313732	0.02078
1921	5	-0.442737	0.017316
1921	6	-0.557746	0.017945
1921	7	-0.454028	0.024369
1921	8	-0.467614	0.020235
1921	9	-0.46426	0.01633
1921	10	-0.36609	0.015973
1921	11	-0.332623	0.015839
1921	12	-0.166856	0.018734
1922	1	-0.237892	0.016941
1922	2	-0.270673	0.023348
1922	3	-0.288386	0.020394
1922	4	-0.317887	0.021899
1922	5	-0.448934	0.018267
1922	6	-0.579133	0.018989
1922	7	-0.573949	0.025553
1922	8	-0.581162	0.02146
1922	9	-0.613087	0.017111
1922	10	-0.507328	0.016924
1922	11	-0.410974	0.016833
1922	12	-0.457854	0.020012
1923	1	-0.332362	0.017847
1923	2	-0.596825	0.026008
1923	3	-0.495467	0.021902
1923	4	-0.474292	0.023999
1923	5	-0.443929	0.019528
1923	6	-0.444553	0.021759
1923	7	-0.546165	0.034043
1923	8	-0.548689	0.028571
1923	9	-0.45057	0.020805
1923	10	-0.406379	0.018863
1923	11	-0.224959	0.01874
1923	12	-0.250494	0.021361
1924	1	-0.279369	0.018497
1924	2	-0.233725	0.026989
1924	3	-0.10348	0.023292
1924	4	-0.178068	0.026604
1924	5	-0.316925	0.021157
1924	6	-0.304407	0.022136
1924	7	-0.422268	0.033358
1924	8	-0.532939	0.028591
1924	9	-0.602097	0.021551
1924	10	-0.587926	0.019673
1924	11	-0.642163	0.020212
1924	12	-0.564304	0.022267
1925	1	-0.76306	0.019195
1925	2	-0.584589	0.027784
1925	3	-0.325076	0.024822
1925	4	-0.399014	0.028437
1925	5	-0.326291	0.023192
1925	6	-0.341595	0.023168
1925	7	-0.336221	0.034641
1925	8	-0.339454	0.029155
1925	9	-0.341716	0.021686
1925	10	-0.251804	0.020841
1925	11	-0.119022	0.02165
1925	12	-0.089032	0.022974
1926	1	-0.026513	0.019827
1926	2	-0.006948	0.028529
1926	3	-0.235949	0.025721
1926	4	-0.204681	0.028988
1926	5	-0.07908	0.023344
1926	6	-0.12324	0.023083
1926	7	-0.183631	0.03259
1926	8	-0.204726	0.027202
1926	9	-0.207048	0.020429
1926	10	-0.210788	0.0205
1926	11	-0.250088	0.021315
1926	12	-0.179933	0.023391
1927	1	-0.078817	0.020285
1927	2	-0.302951	0.02794
1927	3	-0.270402	0.026784
1927	4	-0.370587	0.028954
1927	5	-0.380459	0.023298
1927	6	-0.379188	0.023619
1927	7	-0.328941	0.033612
1927	8	-0.339462	0.027762
1927	9	-0.2776	0.021002
1927	10	-0.162641	0.020944
1927	11	-0.082419	0.021806
1927	12	-0.036073	0.024313
1928	1	-0.035144	0.020811
1928	2	-0.210521	0.028572
1928	3	-0.132576	0.027384
1928	4	-0.26413	0.031254
1928	5	-0.247952	0.024515
1928	6	-0.356206	0.024221
1928	7	-0.391643	0.034357
1928	8	-0.410053	0.028243
1928	9	-0.404733	0.021515
1928	10	-0.353093	0.021499
1928	11	-0.368019	0.022765
1928	12	-0.371316	0.025048
1929	1	-0.369347	0.021532
1929	2	-0.334184	0.028534
1929	3	-0.322718	0.028546
1929	4	-0.305642	0.030894
1929	5	-0.321652	0.025453
1929	6	-0.424836	0.025116
1929	7	-0.451065	0.035434
1929	8	-0.389195	0.029113
1929	9	-0.302186	0.022313
1929	10	-0.380795	0.02247
1929	11	-0.357138	0.023925
1929	12	-0.350295	0.026217
1930	1	-0.379063	0.022943
1930	2	-0.182489	0.030044
1930	3	-0.249126	0.029953
1930	4	-0.316482	0.031647
1930	5	-0.368931	0.026599
1930	6	-0.428173	0.026495
1930	7	-0.346171	0.037341
1930	8	-0.331788	0.03032
1930	9	-0.160931	0.023674
1930	10	0.004299	0.023825
1930	11	-0.048465	0.024986
1930	12	0.036229	0.027451
1931	1	0.12921	0.024422
1931	2	-0.067937	0.033145
1931	3	0.036122	0.031651
1931	4	-0.070286	0.033892
1931	5	-0.085059	0.028211
1931	6	-0.050079	0.02747
1931	7	-0.084109	0.038359
1931	8	-0.13619	0.031489
1931	9	-0.148001	0.024642
1931	10	-0.19228	0.024654
1931	11	-0.269521	0.026357
1931	12	-0.290738	0.029086
1932	1	-0.274015	0.02654
1932	2	-0.299331	0.033786
1932	3	-0.245058	0.033051
1932	4	-0.266501	0.034058
1932	5	-0.28137	0.029149
1932	6	-0.323026	0.028453
1932	7	-0.336915	0.038949
1932	8	-0.393216	0.032765
1932	9	-0.37675	0.025688
1932	10	-0.272792	0.026155
1932	11	-0.318256	0.030078
1932	12	-0.373873	0.030418
1933	1	-0.226243	0.028645
1933	2	-0.120755	0.036696
1933	3	-0.234782	0.033656
1933	4	-0.372909	0.034029
1933	5	-0.332701	0.028487
1933	6	-0.458818	0.028289
1933	7	-0.574382	0.03665
1933	8	-0.623219	0.031561
1933	9	-0.617618	0.025232
1933	10	-0.458961	0.025468
1933	11	-0.504259	0.02851
1933	12	-0.426755	0.030421
1934	1	-0.612315	0.028562
1934	2	-0.551753	0.032608
1934	3	-0.539854	0.033828
1934	4	-0.398239	0.030107
1934	5	-0.422543	0.027219
1934	6	-0.288029	0.027546
1934	7	-0.347876	0.034339
1934	8	-0.218308	0.030094
1934	9	-0.228479	0.024725
1934	10	-0.302469	0.02497
1934	11	-0.299946	0.027099
1934	12	-0.246314	0.030348
1935	1	-0.225193	0.027843
1935	2	-0.336674	0.031103
1935	3	-0.260349	0.034104
1935	4	-0.350419	0.029081
1935	5	-0.264129	0.026261
1935	6	-0.305995	0.026336
1935	7	-0.330146	0.032763
1935	8	-0.396822	0.028809
1935	9	-0.392745	0.023758
1935	10	-0.275127	0.024107
1935	11	-0.250439	0.026411
1935	12	-0.173579	0.029207
1936	1	-0.129045	0.026579
1936	2	0.021431	0.029457
1936	3	-0.092732	0.032146
1936	4	-0.111632	0.027711
1936	5	-0.205144	0.024998
1936	6	-0.274535	0.024988
1936	7	-0.271953	0.030675
1936	8	-0.258894	0.027154
1936	9	-0.258836	0.022566
1936	10	-0.219013	0.022885
1936	11	-0.21608	0.025188
1936	12	-0.276804	0.027881
1937	1	-0.227546	0.02553
1937	2	-0.071071	0.028182
1937	3	-0.075321	0.030595
1937	4	-0.1313		0.026257
1937	5	-0.175206	0.023753
1937	6	-0.114424	0.023631
1937	7	-0.205127	0.028819
1937	8	-0.169816	0.025481
1937	9	-0.105009	0.021425
1937	10	-0.082065	0.02166
1937	11	-0.099275	0.023978
1937	12	-0.003094	0.026412
1938	1	-0.1236		0.024422
1938	2	-0.159929	0.026675
1938	3	-0.268902	0.029163
1938	4	-0.262635	0.024632
1938	5	-0.265053	0.022428
1938	6	-0.409207	0.022265
1938	7	-0.451808	0.026744
1938	8	-0.399914	0.023752
1938	9	-0.386842	0.020016
1938	10	-0.259288	0.020404
1938	11	-0.409162	0.02407
1938	12	-0.303418	0.026526
1939	1	-0.318132	0.023532
1939	2	-0.407764	0.025505
1939	3	-0.438121	0.025862
1939	4	-0.475257	0.023254
1939	5	-0.283986	0.021139
1939	6	-0.355725	0.02086
1939	7	-0.289336	0.0259
1939	8	-0.289847	0.022518
1939	9	-0.195618	0.019112
1939	10	-0.059823	0.019886
1939	11	-0.167024	0.023466
1939	12	-0.008046	0.025065
1940	1	0.066749	0.023339
1940	2	0.010152	0.025085
1940	3	-0.095391	0.02579
1940	4	-0.127761	0.022584
1940	5	-0.002586	0.020482
1940	6	0.012374	0.020087
1940	7	0.003418	0.024686
1940	8	-0.023859	0.021746
1940	9	0.019561	0.018758
1940	10	0.135934	0.020054
1940	11	0.127951	0.023972
1940	12	0.190937	0.025366
1941	1	0.477176	0.023977
1941	2	0.415355	0.024621
1941	3	0.305584	0.030466
1941	4	0.273315	0.022311
1941	5	0.269895	0.020107
1941	6	0.110655	0.01994
1941	7	0.163947	0.024318
1941	8	0.225731	0.021227
1941	9	0.113237	0.018861
1941	10	0.297732	0.021189
1941	11	0.401655	0.025703
1941	12	0.339278	0.02593
1942	1	0.189649	0.022893
1942	2	0.324734	0.023928
1942	3	0.259951	0.026727
1942	4	0.196257	0.021369
1942	5	0.141533	0.019418
1942	6	0.081894	0.019847
1942	7	-0.165804	0.022626
1942	8	-0.259942	0.020295
1942	9	-0.129379	0.018345
1942	10	-0.071071	0.020709
1942	11	0.088305	0.025528
1942	12	-0.096695	0.025544
1943	1	-0.102902	0.022347
1943	2	-0.173649	0.02291
1943	3	-0.081568	0.025862
1943	4	-0.253851	0.020338
1943	5	-0.194323	0.018564
1943	6	-0.325001	0.019067
1943	7	-0.249293	0.020829
1943	8	-0.270337	0.019642
1943	9	-0.177854	0.01767
1943	10	-0.058687	0.019943
1943	11	0.119053	0.025206
1943	12	0.203112	0.025252
1944	1	-0.098472	0.021542
1944	2	0.014519	0.021527
1944	3	0.046343	0.024038
1944	4	-0.110191	0.018835
1944	5	-0.058482	0.017049
1944	6	0.073979	0.017528
1944	7	-0.026926	0.018875
1944	8	-0.096356	0.018034
1944	9	-0.014876	0.01648
1944	10	0.034276	0.019971
1944	11	0.065898	0.023824
1944	12	0.078491	0.024021
1945	1	0.192804	0.019779
1945	2	-0.091835	0.019527
1945	3	-0.127548	0.022215
1945	4	-0.17233	0.017448
1945	5	-0.091235	0.015564
1945	6	-0.00898	0.016099
1945	7	-0.016705	0.016881
1945	8	-0.051081	0.016143
1945	9	-0.08554	0.014729
1945	10	-0.183812	0.018044
1945	11	0.058658	0.022278
1945	12	0.011829	0.021833
1946	1	0.158421	0.017692
1946	2	0.001399	0.017204
1946	3	0.050617	0.019095
1946	4	-0.0467		0.015371
1946	5	-0.091353	0.013798
1946	6	-0.180802	0.01316
1946	7	-0.23004	0.01521
1946	8	-0.247647	0.014107
1946	9	-0.16442	0.01294
1946	10	-0.087		0.015835
1946	11	-0.029464	0.019694
1946	12	-0.149392	0.022273
1947	1	-0.094448	0.015463
1947	2	0.113871	0.015021
1947	3	-0.101317	0.013609
1947	4	-0.251736	0.013353
1947	5	-0.228164	0.011923
1947	6	-0.173603	0.01111
1947	7	-0.146401	0.014171
1947	8	-0.243148	0.012285
1947	9	-0.3405		0.011637
1947	10	-0.26082	0.01486
1947	11	-0.219828	0.019041
1947	12	-0.129161	0.021834
1948	1	-0.329653	0.013098
1948	2	-0.186395	0.01312
1948	3	-0.486581	0.012011
1948	4	-0.253341	0.012101
1948	5	-0.114136	0.010305
1948	6	-0.340806	0.009679
1948	7	-0.252991	0.012447
1948	8	-0.238444	0.010987
1948	9	-0.411093	0.010575
1948	10	-0.469417	0.013585
1948	11	-0.439274	0.017227
1948	12	-0.238075	0.019832
1949	1	-0.225078	0.01431
1949	2	-0.359046	0.013882
1949	3	-0.228505	0.011706
1949	4	-0.374088	0.012726
1949	5	-0.243919	0.01053
1949	6	-0.378004	0.009259
1949	7	-0.315647	0.012634
1949	8	-0.345266	0.011491
1949	9	-0.394861	0.01012
1949	10	-0.373412	0.012735
1949	11	-0.268165	0.017908
1949	12	-0.22342	0.020934
1950	1	-0.203237	0.014242
1950	2	-0.463369	0.015646
1950	3	-0.304488	0.011514
1950	4	-0.358714	0.015211
1950	5	-0.359494	0.010674
1950	6	-0.372764	0.009197
1950	7	-0.509434	0.011145
1950	8	-0.540001	0.010298
1950	9	-0.494052	0.009931
1950	10	-0.40815	0.013364
1950	11	-0.328408	0.015991
1950	12	-0.225639	0.015431
1951	1	-0.196443	0.011428
1951	2	-0.30058	0.014442
1951	3	-0.163347	0.012576
1951	4	-0.30714	0.010789
1951	5	-0.105115	0.009676
1951	6	-0.129364	0.009679
1951	7	0.017306	0.011067
1951	8	-0.037001	0.010495
1951	9	0.033963	0.010774
1951	10	0.136013	0.014347
1951	11	0.031559	0.016175
1951	12	-0.074476	0.01542
1952	1	0.05279		0.011461
1952	2	-0.015283	0.014978
1952	3	-0.063705	0.012182
1952	4	-0.078652	0.010901
1952	5	-0.063668	0.009606
1952	6	-0.072867	0.009442
1952	7	-0.227308	0.011383
1952	8	-0.318736	0.010547
1952	9	-0.224038	0.01041
1952	10	-0.197769	0.013897
1952	11	-0.107846	0.016411
1952	12	-0.053487	0.015726
1953	1	0.096358	0.011909
1953	2	0.06864		0.014018
1953	3	-0.04103	0.012166
1953	4	-0.12204	0.010957
1953	5	-0.055058	0.009547
1953	6	-0.151583	0.00925
1953	7	-0.154062	0.011754
1953	8	-0.127051	0.010511
1953	9	-0.20907	0.010389
1953	10	-0.12809	0.013895
1953	11	-0.034311	0.016914
1953	12	-0.116296	0.015447
1954	1	-0.029113	0.013472
1954	2	0.029613	0.014219
1954	3	-0.114015	0.011616
1954	4	-0.234657	0.010811
1954	5	-0.197379	0.009579
1954	6	-0.334127	0.009134
1954	7	-0.37908	0.011389
1954	8	-0.385632	0.010062
1954	9	-0.427973	0.010253
1954	10	-0.481973	0.013015
1954	11	-0.170156	0.015757
1954	12	-0.343361	0.014185
1955	1	-0.18719	0.011651
1955	2	-0.120634	0.015847
1955	3	-0.127847	0.010292
1955	4	-0.465157	0.009914
1955	5	-0.376232	0.008778
1955	6	-0.448335	0.00848
1955	7	-0.405055	0.010533
1955	8	-0.413896	0.008988
1955	9	-0.345073	0.009173
1955	10	-0.463777	0.01165
1955	11	-0.347675	0.013591
1955	12	-0.384232	0.012467
1956	1	-0.314315	0.010985
1956	2	-0.087329	0.014946
1956	3	-0.210719	0.009315
1956	4	-0.337118	0.008998
1956	5	-0.399707	0.008123
1956	6	-0.48598	0.007755
1956	7	-0.505909	0.01019
1956	8	-0.470897	0.008992
1956	9	-0.478244	0.009052
1956	10	-0.49428	0.01104
1956	11	-0.328825	0.012997
1956	12	-0.308908	0.011989
1957	1	-0.328872	0.011682
1957	2	-0.363944	0.015503
1957	3	-0.32937	0.009707
1957	4	-0.316674	0.009301
1957	5	-0.148823	0.008134
1957	6	-0.082996	0.007887
1957	7	-0.030065	0.009914
1957	8	0.016123	0.009088
1957	9	0.025404	0.010179
1957	10	-0.029525	0.012198
1957	11	0.184623	0.01234
1957	12	0.227096	0.012472
1958	1	0.297134	0.011299
1958	2	0.091929	0.018042
1958	3	0.333502	0.009802
1958	4	0.347578	0.009714
1958	5	0.047599	0.00845
1958	6	0.038986	0.008052
1958	7	-0.107959	0.010764
1958	8	-0.024748	0.009005
1958	9	0.001429	0.009611
1958	10	-0.059445	0.012205
1958	11	0.06455		0.012381
1958	12	0.219407	0.012224
1959	1	0.068938	0.011063
1959	2	-0.114462	0.019336
1959	3	-0.018826	0.010317
1959	4	0.030262	0.010203
1959	5	-0.072053	0.00883
1959	6	-0.091357	0.008487
1959	7	-0.148527	0.011469
1959	8	-0.229743	0.00934
1959	9	-0.142649	0.009443
1959	10	-0.100463	0.011076
1959	11	-0.086626	0.012692
1959	12	-0.075346	0.012463
1960	1	-0.021958	0.010885
1960	2	0.139388	0.019191
1960	3	-0.069004	0.010697
1960	4	-0.132299	0.009845
1960	5	-0.116555	0.008754
1960	6	-0.124625	0.008443
1960	7	-0.145561	0.011001
1960	8	-0.072119	0.009045
1960	9	-0.128778	0.009173
1960	10	-0.071508	0.010821
1960	11	-0.026013	0.012106
1960	12	0.126477	0.01253
1961	1	0.063032	0.010446
1961	2	-0.18296	0.016065
1961	3	-0.084875	0.01075
1961	4	-0.078205	0.009999
1961	5	0.007593	0.008344
1961	6	-0.135643	0.008213
1961	7	-0.272288	0.011146
1961	8	-0.269343	0.0087
1961	9	-0.390953	0.009029
1961	10	-0.309465	0.010454
1961	11	-0.29766	0.011731
1961	12	-0.257274	0.01299
1962	1	-0.219291	0.010155
1962	2	-0.115627	0.011299
1962	3	-0.098439	0.017122
1962	4	-0.198992	0.010998
1962	5	-0.182733	0.008181
1962	6	-0.267577	0.007876
1962	7	-0.100647	0.010906
1962	8	-0.158971	0.008534
1962	9	-0.21304	0.008901
1962	10	-0.170886	0.010097
1962	11	-0.030172	0.011332
1962	12	-0.115297	0.012449
1963	1	0.029438	0.009788
1963	2	0.114863	0.010611
1963	3	-0.163165	0.016688
1963	4	-0.083444	0.009885
1963	5	-0.22089	0.007852
1963	6	-0.095195	0.007681
1963	7	-0.037118	0.010524
1963	8	-0.006762	0.008279
1963	9	0.094755	0.008927
1963	10	-0.005651	0.009714
1963	11	0.109836	0.010993
1963	12	0.12099		0.011507
1964	1	0.001873	0.009549
1964	2	-0.071071	0.009562
1964	3	0.14365		0.016873
1964	4	-0.129743	0.009561
1964	5	-0.270235	0.007557
1964	6	-0.272853	0.007397
1964	7	-0.308432	0.010958
1964	8	-0.398121	0.007902
1964	9	-0.46656	0.008199
1964	10	-0.466386	0.009349
1964	11	-0.444818	0.010441
1964	12	-0.436452	0.010621
1965	1	-0.291122	0.00919
1965	2	-0.224048	0.009239
1965	3	-0.339065	0.014367
1965	4	-0.443339	0.008393
1965	5	-0.29936	0.007266
1965	6	-0.325825	0.007097
1965	7	-0.2441		0.01041
1965	8	-0.218459	0.007587
1965	9	-0.153762	0.008004
1965	10	-0.030046	0.009503
1965	11	0.036718	0.009809
1965	12	-0.042666	0.010548
1966	1	0.189589	0.008797
1966	2	0.131874	0.008707
1966	3	0.040998	0.011737
1966	4	0.016822	0.007496
1966	5	-0.06393	0.006887
1966	6	-0.067219	0.006664
1966	7	0.111098	0.009982
1966	8	0.019226	0.00715
1966	9	-0.105612	0.007422
1966	10	-0.030611	0.009026
1966	11	0.05216		0.009381
1966	12	-0.06822	0.009994
1967	1	-0.265872	0.00844
1967	2	-0.14151	0.008192
1967	3	-0.282169	0.012223
1967	4	-0.146416	0.007059
1967	5	-0.110628	0.006578
1967	6	-0.1808		0.006283
1967	7	-0.249356	0.008644
1967	8	-0.311803	0.006896
1967	9	-0.273812	0.00718
1967	10	-0.307443	0.008826
1967	11	-0.302213	0.008917
1967	12	-0.318523	0.009882
1968	1	-0.39039	0.00808
1968	2	-0.396617	0.007856
1968	3	-0.352684	0.012212
1968	4	-0.401383	0.006781
1968	5	-0.320639	0.006502
1968	6	-0.145198	0.006048
1968	7	-0.045687	0.007756
1968	8	0.04013		0.006549
1968	9	-0.022844	0.007656
1968	10	-0.02497	0.009426
1968	11	0.118441	0.008905
1968	12	0.213027	0.009783
1969	1	0.2221		0.007835
1969	2	0.421875	0.007576
1969	3	0.502963	0.013141
1969	4	0.223825	0.006518
1969	5	0.231178	0.006298
1969	6	0.16036		0.005781
1969	7	-0.023042	0.007926
1969	8	-0.020216	0.006297
1969	9	0.099296	0.006843
1969	10	0.091145	0.009416
1969	11	0.082086	0.008419
1969	12	0.168973	0.010266
1970	1	0.224937	0.007719
1970	2	0.188283	0.007351
1970	3	0.012174	0.013626
1970	4	0.068492	0.006195
1970	5	-0.013436	0.006137
1970	6	-0.066464	0.005574
1970	7	-0.230213	0.006769
1970	8	-0.195022	0.00613
1970	9	-0.291318	0.007183
1970	10	-0.247037	0.009701
1970	11	-0.268094	0.008553
1970	12	-0.238969	0.01104
1971	1	-0.283996	0.008458
1971	2	-0.304893	0.007355
1971	3	-0.233331	0.014173
1971	4	-0.357343	0.006577
1971	5	-0.355494	0.006523
1971	6	-0.430481	0.005377
1971	7	-0.439021	0.005926
1971	8	-0.482785	0.00513
1971	9	-0.440626	0.005574
1971	10	-0.542334	0.00823
1971	11	-0.477512	0.007068
1971	12	-0.421766	0.00958
1972	1	-0.268041	0.009492
1972	2	-0.340091	0.00664
1972	3	-0.236996	0.013104
1972	4	-0.332229	0.006358
1972	5	-0.257297	0.005737
1972	6	-0.187863	0.004757
1972	7	-0.101831	0.005011
1972	8	-0.107458	0.00448
1972	9	-0.002691	0.004783
1972	10	0.134553	0.007108
1972	11	0.051111	0.006077
1972	12	0.087737	0.007513
1973	1	0.090844	0.009558
1973	2	0.257523	0.005696
1973	3	0.046535	0.012923
1973	4	0.026369	0.006094
1973	5	-0.017138	0.007103
1973	6	-0.104481	0.004596
1973	7	-0.122266	0.004226
1973	8	-0.256445	0.003712
1973	9	-0.237434	0.004469
1973	10	-0.241974	0.006105
1973	11	-0.320897	0.005455
1973	12	-0.358454	0.006424
1974	1	-0.415657	0.00677
1974	2	-0.379364	0.004281
1974	3	-0.320321	0.011772
1974	4	-0.321083	0.004973
1974	5	-0.351883	0.006566
1974	6	-0.322196	0.004067
1974	7	-0.39543	0.00363
1974	8	-0.301726	0.00299
1974	9	-0.340594	0.003719
1974	10	-0.313278	0.00492
1974	11	-0.294976	0.003994
1974	12	-0.414785	0.006033
1975	1	-0.365147	0.006582
1975	2	-0.220401	0.003882
1975	3	-0.265487	0.011021
1975	4	-0.28595	0.004493
1975	5	-0.373356	0.006162
1975	6	-0.411711	0.003968
1975	7	-0.463656	0.003115
1975	8	-0.482865	0.003001
1975	9	-0.527849	0.003834
1975	10	-0.490798	0.005174
1975	11	-0.546492	0.004037
1975	12	-0.472697	0.005831
1976	1	-0.498215	0.006701
1976	2	-0.377997	0.003698
1976	3	-0.438839	0.009675
1976	4	-0.417977	0.004214
1976	5	-0.442239	0.007205
1976	6	-0.423553	0.004488
1976	7	-0.34018	0.003208
1976	8	-0.232673	0.003115
1976	9	-0.195054	0.003423
1976	10	-0.028667	0.004782
1976	11	-0.0863		0.003802
1976	12	0.054348	0.004076
1977	1	-0.002628	0.005586
1977	2	-0.027599	0.004314
1977	3	-0.038073	0.003547
1977	4	-0.204533	0.003276
1977	5	-0.157746	0.003392
1977	6	-0.083209	0.00303
1977	7	-0.037622	0.003665
1977	8	-0.04446	0.004116
1977	9	-0.044261	0.003268
1977	10	-0.032025	0.003948
1977	11	-0.056051	0.003971
1977	12	0.055221	0.003888
1978	1	0.13365		0.004254
1978	2	0.169597	0.005635
1978	3	0.007393	0.003755
1978	4	0.042422	0.003458
1978	5	-0.010503	0.00335
1978	6	-0.136021	0.003189
1978	7	-0.232089	0.003464
1978	8	-0.203305	0.004257
1978	9	-0.246398	0.003409
1978	10	-0.108774	0.004581
1978	11	-0.180539	0.004276
1978	12	0.097144	0.004121
1979	1	0.301342	0.004695
1979	2	0.14938		0.006074
1979	3	0.086532	0.004042
1979	4	0.078916	0.0037
1979	5	-0.125922	0.003586
1979	6	-0.032323	0.003371
1979	7	-0.00011	0.003698
1979	8	0.023979	0.005018
1979	9	0.054588	0.003674
1979	10	0.131512	0.004072
1979	11	0.137386	0.004934
1979	12	0.021587	0.004491
1980	1	0.282699	0.005151
1980	2	0.133482	0.006563
1980	3	0.194993	0.004424
1980	4	0.243309	0.004022
1980	5	0.213584	0.004136
1980	6	0.132804	0.003634
1980	7	0.046448	0.004
1980	8	0.00916		0.003756
1980	9	0.07077		0.004024
1980	10	0.04234		0.004433
1980	11	0.155861	0.00527
1980	12	0.003871	0.00492
1981	1	-0.127964	0.005319
1981	2	0.048202	0.010134
1981	3	0.166128	0.004695
1981	4	0.152664	0.004281
1981	5	0.054551	0.004172
1981	6	0.062919	0.003877
1981	7	-0.03309	0.004232
1981	8	-0.036401	0.003974
1981	9	0.003846	0.00429
1981	10	0.110704	0.004746
1981	11	-0.058132	0.005171
1981	12	0.197931	0.005628
1982	1	0.200276	0.006509
1982	2	-0.07422	0.005913
1982	3	0.02963		0.005795
1982	4	0.012003	0.004497
1982	5	-0.018333	0.004667
1982	6	0.057318	0.004098
1982	7	0.0511		0.004405
1982	8	-0.014733	0.00411
1982	9	0.050755	0.004469
1982	10	0.151114	0.004905
1982	11	-0.048064	0.005353
1982	12	-0.010332	0.005469
1983	1	-0.177165	0.006054
1983	2	0.106208	0.006254
1983	3	0.022553	0.005725
1983	4	0.086523	0.004574
1983	5	0.236184	0.004662
1983	6	0.224937	0.0042
1983	7	0.251357	0.0045
1983	8	0.14311		0.004257
1983	9	0.075693	0.004586
1983	10	-0.064599	0.005062
1983	11	0.095349	0.006443
1983	12	0.020193	0.00561
1984	1	-0.148894	0.005617
1984	2	-0.065891	0.007788
1984	3	0.170793	0.005022
1984	4	0.075565	0.004915
1984	5	0.069377	0.004492
1984	6	-0.184469	0.00473
1984	7	-0.172215	0.004571
1984	8	-0.114467	0.00429
1984	9	-0.101602	0.004579
1984	10	-0.161137	0.004999
1984	11	-0.147098	0.005942
1984	12	-0.223919	0.005634
1985	1	0.044702	0.005631
1985	2	-0.152593	0.007211
1985	3	0.009704	0.005007
1985	4	-0.283015	0.005538
1985	5	-0.128208	0.004494
1985	6	-0.128268	0.004745
1985	7	-0.220025	0.004502
1985	8	-0.104161	0.004195
1985	9	-0.131705	0.004552
1985	10	-0.145726	0.004962
1985	11	0.071108	0.00532
1985	12	-0.041756	0.005629
1986	1	-0.094204	0.005554
1986	2	0.110577	0.007193
1986	3	-0.019051	0.004928
1986	4	0.091983	0.005479
1986	5	-0.026919	0.004479
1986	6	0.013637	0.004877
1986	7	-0.025444	0.004712
1986	8	-0.006652	0.004365
1986	9	-0.008045	0.004589
1986	10	0.036452	0.004932
1986	11	0.027006	0.005289
1986	12	-0.11033	0.005497
1987	1	0.174378	0.005424
1987	2	0.281054	0.007211
1987	3	0.206199	0.004872
1987	4	0.079664	0.005394
1987	5	0.324053	0.004429
1987	6	0.280643	0.004738
1987	7	0.480144	0.004563
1987	8	0.538536	0.004217
1987	9	0.509124	0.004502
1987	10	0.420545	0.005025
1987	11	0.519749	0.00539
1987	12	0.489394	0.005556
1988	1	0.417357	0.005505
1988	2	0.419019	0.00739
1988	3	0.406693	0.00487
1988	4	0.364234	0.00607
1988	5	0.327311	0.004518
1988	6	0.163711	0.004712
1988	7	0.142411	0.004346
1988	8	0.059968	0.004039
1988	9	0.06605		0.004406
1988	10	-0.029135	0.004857
1988	11	-0.06288	0.005586
1988	12	-0.117649	0.005528
1989	1	-0.258806	0.005422
1989	2	-0.342269	0.007023
1989	3	-0.232539	0.004879
1989	4	-0.046995	0.006299
1989	5	-0.033151	0.004515
1989	6	0.02875		0.004677
1989	7	0.069528	0.004315
1989	8	0.022554	0.004032
1989	9	0.107853	0.004386
1989	10	0.018703	0.004837
1989	11	0.160107	0.005115
1989	12	0.086341	0.005493
1990	1	0.196782	0.00556
1990	2	0.103869	0.006444
1990	3	0.045427	0.00469
1990	4	0.184342	0.005693
1990	5	0.096803	0.004379
1990	6	0.135296	0.004409
1990	7	0.048469	0.004124
1990	8	0.161036	0.003867
1990	9	0.164211	0.004238
1990	10	0.222088	0.004529
1990	11	0.335791	0.004829
1990	12	0.3313		0.005303



